.Random.seed <-
c(403L, 10L, -122982459L, 914862367L, 1886019750L, -1496317392L, 
1698953427L, -1571555599L, 1271813664L, 65683646L, -168049463L, 
-1795903877L, 801741898L, 143451308L, 378651567L, 85780325L, 
-2061648612L, -851376782L, -1180250643L, 1348043303L, -1991667122L, 
-1315334488L, 604318891L, -582824503L, -1310572072L, 1865562246L, 
-1355487903L, -154511117L, -82589854L, -1184411180L, 1660728535L, 
-1223625011L, 2105540196L, 888962122L, -763766347L, 1550574863L, 
1166889494L, 707333312L, -553694589L, -91736415L, 1811413136L, 
323081070L, 1190681881L, 79023531L, 384289690L, 2087281500L, 
2101518943L, -1608816075L, -1152298548L, 1594829090L, 275442557L, 
1283852407L, 544333214L, 1474450520L, -220884549L, -1155471527L, 
-8796952L, -701305578L, 1660112529L, 1365427011L, -1475821998L, 
-1155067676L, -488168665L, 826275709L, -2029233548L, -964713382L, 
698277029L, 1490175679L, -924590778L, 297001936L, 221883891L, 
1558849809L, 129226048L, -406498018L, 1954001385L, 184992539L, 
1160138026L, 530466380L, -1863654897L, -1527425723L, 1719891708L, 
-1312633518L, 249635533L, -1195328889L, 2007932270L, -654469304L, 
1055798091L, -1703404887L, -1551339528L, 1515568934L, -1577172927L, 
-956599853L, 2145540994L, -1005817932L, -707500233L, -670745043L, 
1436036932L, -1541034902L, -1581148459L, -1408139153L, -109723274L, 
-2069083488L, 2085222243L, 1255562241L, -16939152L, -1694773490L, 
-698799751L, 658349323L, -725260742L, -2057568964L, -307924353L, 
1299347925L, 856569836L, 313641282L, 485480093L, -520322281L, 
1505399422L, 2038047288L, -1041517285L, 331432569L, 1760132808L, 
-1052084490L, 1482972977L, 1448712035L, -735326926L, 1335570052L, 
-2040739129L, 927017373L, 1241201940L, -421882950L, -504695291L, 
1596274655L, -306114970L, -1429923344L, -1369475309L, 170113201L, 
1464658784L, 1973819646L, 1981171849L, 1172264891L, 315707786L, 
422527084L, 460857839L, 1551366693L, -477491492L, -353901390L, 
-1820252243L, -1175544985L, -2083047282L, -409209496L, -123148949L, 
-1196718327L, 406714776L, 1306534086L, -1507425759L, -1269593421L, 
1502525474L, -1900805612L, -1105672553L, -429057907L, -92062300L, 
609124234L, -1151767563L, -291700145L, -1990380202L, -1238552576L, 
-1169338045L, 1780538593L, -601770416L, 1978354350L, -1093644711L, 
653514347L, -2063934502L, -663311204L, 656418463L, 297676021L, 
-855585396L, 127440994L, -1430669251L, 1462878903L, -2105751202L, 
422531224L, 49126395L, -1762358887L, -2027095512L, 851565270L, 
2008928081L, 1213043203L, 975070610L, -1370070236L, -2060241433L, 
1950319165L, -1557742412L, -273843430L, 839880805L, -502638337L, 
178952582L, -1295454448L, 679181235L, 1464678481L, 1325132800L, 
1284402398L, 1370275625L, 235823835L, -2113742358L, 1321181580L, 
-1383397681L, -1459496315L, -1953337028L, -155689966L, 1449325325L, 
-1750269881L, -1205636562L, 1604205448L, 1012127371L, 1788405865L, 
-1427409864L, 1534031078L, -226050943L, -1781834733L, -1643136062L, 
3146868L, 1724529271L, -306715795L, 1658926084L, 1330638634L, 
-1104155499L, 1761471279L, 739801654L, 16388756L, 1735386754L, 
-1837305408L, -1505693892L, -1050138992L, -1832258782L, -776763896L, 
1476982540L, 593516444L, -1042329582L, -665967744L, 1407471380L, 
-522671832L, 255209530L, 881346512L, -1047803284L, 2057575476L, 
1377436818L, 1423846752L, -1497820852L, -824509984L, -2072268894L, 
397725608L, 694461580L, 594355132L, -571049870L, 1867965424L, 
-762159036L, -1550252968L, -1349705670L, -181280656L, 800698940L, 
2074688276L, 2005081794L, -1498550560L, 217076860L, 2042519760L, 
-2099358814L, -1750318552L, 909100300L, -111408196L, 571901234L, 
-1947820864L, 1482477108L, -1032309048L, -430156102L, 66330768L, 
326372076L, -363234732L, 1435254418L, -240780512L, 1967819724L, 
536128736L, -707106110L, 1126051880L, -1298379860L, -554235204L, 
429929970L, 274171440L, -689926236L, 283071928L, 660569946L, 
1146808464L, -471864452L, -467918060L, 283832642L, 2133541632L, 
829390780L, -180903088L, 342193442L, -535491000L, -549939188L, 
-1094311844L, 408578514L, -1132000768L, 506904916L, 1611281640L, 
-1502188294L, -1723255088L, -1870127828L, -770389772L, -1130019438L, 
-602900128L, -337668084L, -1682559264L, -2002367902L, 208461480L, 
1660204620L, 1999510396L, -1502964430L, -2067898768L, -1002861756L, 
1080316888L, -1968312454L, -1715957200L, -1554674756L, 912450132L, 
-789443518L, 1023408288L, -1171590468L, -2078827056L, 1019656034L, 
1964421864L, -1446636340L, 1193430524L, 500808178L, 776377984L, 
-1938373132L, 692937352L, 2019079994L, -457285808L, 1473518700L, 
-697668204L, -39953326L, -1401263648L, 1778529484L, 531349664L, 
527559042L, -1076774680L, -929844500L, -1222789828L, 594377842L, 
994206832L, 473377828L, 1624522808L, 562273050L, -546087728L, 
-1556362436L, 1201338260L, 986730370L, 566404544L, -1358515652L, 
241314192L, 830777890L, -1660285688L, 1937529484L, -1148844260L, 
1192943762L, -233823872L, 520126996L, -505003224L, 654181946L, 
1693043152L, -1574972052L, 833594292L, -85832686L, 1970401760L, 
-485686324L, 1873641696L, -225044446L, -1297224408L, 1004860940L, 
1757180732L, -1150581774L, -786514192L, -2145256892L, 588488280L, 
-1214827718L, 1724891632L, 1481744060L, 125619476L, -874021182L, 
664821856L, -2074982532L, 64625616L, 272436514L, 442754728L, 
1234455436L, 37510332L, 1887352626L, 1131614784L, -1570076492L, 
-1532073400L, 89320890L, 1556001296L, 364216044L, 968219988L, 
224273682L, 1500551584L, 608566988L, -1669400992L, -911891518L, 
61129512L, 1108319148L, -1589452996L, 1969925490L, -721330384L, 
-485907164L, 1149504312L, 1839513306L, 442528656L, -184894724L, 
-150744172L, -2123055038L, -511917824L, -2073103300L, -52218544L, 
1863061666L, -741966520L, 2119596812L, -1061768484L, 1774797138L, 
1103364224L, 316800084L, 346991592L, -979450630L, 2095849296L, 
-343232724L, -468800140L, -650834030L, 424459360L, 893453708L, 
-1917469856L, 791651810L, 61334440L, 1485664460L, 835943420L, 
-968502862L, 889101808L, 1648717764L, -974282408L, -2059008646L, 
-2087522384L, 1710953916L, 2031817812L, 1727014850L, -1267537888L, 
2061075528L, -1973179279L, -1331566109L, 1109476580L, -1611030510L, 
1864242151L, -62030927L, -993208842L, 2030188564L, 148035365L, 
-1750912977L, -731162136L, -1662255418L, -1094910093L, 605624277L, 
1844522930L, 356825472L, -300916375L, 165815771L, 1099881772L, 
-1070143686L, 302832111L, 994917497L, -1724461298L, 892324572L, 
1714424141L, 1310508215L, 1480449600L, -1527083234L, 1921680875L, 
-1408894611L, -609576998L, 1632293272L, -344178687L, -1441762893L, 
-507893548L, 1944661474L, 533772407L, -1318277695L, -340752570L, 
-288861564L, -124421067L, -1195099105L, -728671368L, -1792859562L, 
399339235L, 345213093L, -474097342L, -1895588048L, -1604891815L, 
-636575541L, -1416842948L, 1483488618L, 1791514527L, 720060969L, 
700689598L, -104647252L, -1951216899L, 1504151111L, 709186864L, 
1951409742L, -1108437381L, 2057803229L, 2003854346L, -1999686360L, 
-91776111L, 293993859L, -394659196L, -1545418574L, -2043799545L, 
-175246255L, 209494998L, -744080716L, -748057915L, -1945318385L, 
-130732920L, 215752102L, 261674323L, -110219595L, 443548690L, 
-2010303008L, 183523401L, -2134819205L, 1234855756L, -500862246L, 
1665611471L, 1029822105L, -2097739090L, 2124117948L, 1458565165L, 
-1802424361L, 224085536L, 1258350462L, 584206667L, -422745267L, 
1929124218L, 264240056L, 1672479073L, 461606163L, 1165301044L, 
-1096777918L, -610410665L, 822455969L, 1758003046L, 1813248356L, 
-717202283L, 640816575L, 1716009304L, 2040395638L, -2047605373L, 
-1989804091L, -1908374302L, -2063367856L, 1024090233L, -1375493205L, 
-971159268L, 1495514698L, -288302529L, -786624887L, 67828382L, 
-550516916L, -926900451L, 2081824423L, -1501178416L, 2077953390L, 
-955293669L, -1076178563L, 731268970L, 108462600L, -1250269519L, 
439378211L, 1816408612L, 1288214738L, -696364761L, -1666098319L, 
-694842954L, -1376575148L, -887414811L, -751240721L, -1087782616L, 
-1936713338L, -1158036045L, 762874133L, 826850162L, 2054756288L, 
